65524
65513
65534
65503
28
22
65493
65467
65531
18
10
65533
65520
65497
65507
18
0
21
65490
65506
1
64
50
65522
65503
65526
65505
65519
65533
65488
45
58
29
21
65505
44
55
14
66
65524
65516
65528
98
30
4
65490
65531
27
2
65521
65479
65520
65482
11
23
65493
65534
65459
65475
65488
65520
17
65456
65493
65479
65512
65512
53
136
26
65534
57
99
16
12
10
30
65505
65492
65511
52
48
65525
12
65522
65517
65516
65508
65503
65531
65483
65504
65523
65502
65470
65524
10
65495
65488
65475
65427
65467
65470
21
23
2
65477
65520
6
65523
43
60
65531
65501
65525
65519
48
46
65499
8
65500
29
27
13
15
65535
65500
65519
65486
65524
4
65522
25
47
70
38
65508
65534
4
7
65525
65499
65468
65484
65477
49
34
65497
65480
65461
65475
38
17
47
22
65532
65509
37
74
28
65529
65531
65519
60
39
65488
65532
27
65467
65515
27
65525
65469
65489
28
24
8
44
39
17
4
65472
18
21
37
38
65492
65512
1
12
10
65513
8
65492
65504
31
65534
1
65483
18
65496
65502
20
30
65501
65504
65483
65500
65520
65514
65488
65480
65481
65514
17
65470
65509
65451
65502
65528
7
23
65508
65488
65479
65518
65523
18
43
42
65524
65494
65496
65514
65534
65519
65506
65462
65500
65518
65517
12
18
3
0
69
106
85
14
65513
65495
11
26
25
65533
65508
65520
5
65511
65441
31
40
48
65483
65485
52
27
65499
65467
65489
65517
65510
65459
65474
65497
65535
65514
12
3
11
65516
11
20
65535
3
59
9
65499
65534
28
41
65514
65485
65523
0
65526
65526
5
1
65488
26
65524
65529
65530
7
12
0
27
65513
65522
20
7
65470
65463
65483
5
17
65527
65458
65504
65533
30
43
65519
14
65513
65515
65516
65497
65518
65495
5
4
65509
65497
65501
65532
65529
31
65485
65529
7
65521
1
65512
65503
65476
65508
65467
65518
65481
2
12
65534
65498
65491
65523
7
65534
65491
65513
65511
65531
65520
65535
65487
2
13
48
96
34
59
70
49
65516
66
2
65475
65483
13
29
65498
65462
65489
65529
65478
65500
65483
65500
65516
65487
65502
65499
65522
65498
12
15
65531
4
48
45
65519
65500
65457
65509
24
77
16
65479
65480
65514
9
31
65499
65500
65428
65527
14
6
65532
65505
65494
65511
9
3
7
75
62
29
24
65535
18
8
65528
65515
65526
9
65521
22
65518
10
29
65535
65523
65519
65526
65531
65481
65468
65476
65531
26
65534
65529
74
65527
58
47
65495
17
65509
65488
65517
65525
21
65453
25
65503
11
65500
65522
65519
65525
65533
65508
14
4
65508
1
65493
65529
65518
65499
65485
3
65528
65514
65521
8
65498
65532
11
65511
17
65501
65516
16
8
21
56
37
5
65450
65479
65495
43
116
69
65504
65480
65498
65517
66
26
17
65428
65456
65527
12
29
65522
65501
65468
65481
65528
65527
25
47
41
63
11
51
19
57
65521
65532
65511
65512
2
65504
25
41
65512
65468
65484
4
10
65512
65496
65518
65531
0
65530
65517
80
65529
44
43
14
60
13
65515
65535
65509
65513
65503
6
24
65513
65480
65506
21
65499
65459
65521
2
65491
65534
65533
65521
65480
65525
65527
65491
1
65520
24
65521
65525
65528
65532
3
12
65525
65502
65525
65528
65525
8
62
14
65492
65462
65525
65473
25
50
65511
65467
65498
65514
1
14
12
65495
6
17
63
16
3
65512
65509
59
52
65513
65509
65527
10
65513
65514
65504
65497
2
13
5
29
65509
10
17
7
4
65508
65477
12
21
65478
65510
65508
65511
65528
53
65534
40
2
18
65509
65524
65532
29
12
65514
65473
65455
65482
65532
65429
65451
65415
65423
65462
65448
65442
65453
65510
30
65484
65535
39
65490
65535
65532
50
9
65519
13
64
40
65507
65518
65503
65519
65479
65517
8
65484
65479
65506
65508
46
50
65473
37
13
65530
26
65521
65517
65521
13
22
16
65496
65500
5
7
65510
7
65503
65478
65467
34
20
65504
65499
65492
48
11
65531
65501
65492
46
28
65532
65501
65480
65506
65513
65503
65521
65512
65494
65518
14
21
65504
20
84
41
65526
65504
65485
65513
65532
65515
65527
65512
65522
22
65500
65509
39
42
65510
65514
65485
65530
65519
13
26
40
65487
65510
38
25
7
19
58
65519
7
21
66
35
65534
3
26
60
65511
65469
65517
16
65512
65488
65506
65497
65516
65513
5
65530
65510
65482
19
55
65531
65533
65496
65526
65532
65527
35
64
11
65435
65516
38
53
65500
65487
65525
23
56
65514
65484
65502
65510
0
67
82
30
76
105
65520
25
65510
65517
5
65505
18
65454
65421
65482
65525
65483
65484
65478
65453
65524
65497
65491
65513
65453
65475
65530
65465
65497
42
23
14
65482
11
56
36
1
65509
33
3
61
65451
65513
65499
65480
5
65510
65442
65429
65506
24
65526
65483
65486
65491
65506
41
65490
65479
15
65518
2
52
145
51
65502
74
69
80
30
27
20
67
41
65523
65442
65457
65430
65528
65499
65515
65519
65468
65521
65510
9
35
65526
65512
2
5
59
65534
65492
65490
6
65497
65533
65528
65514
27
75
24
65508
65506
29
41
49
65532
65513
2
65513
57
81
65501
15
3
14
57
10
65535
0
72
8
65527
65531
30
45
10
65490
2
65520
30
106
65508
26
65496
36
76
6
65497
65535
33
115
18
65503
65502
1
53
2
65513
65522
65504
65469
65500
9
65520
3
61
65485
17
8
83
39
65531
51
65491
40
65506
65492
1
65507
8
65502
65482
65479
65471
65489
65522
24
65509
65493
65496
0
2
65534
54
16
42
71
65521
22
38
35
65534
33
65531
65516
65528
65497
65483
65481
65431
65485
65481
65502
65479
65471
65519
65503
7
17
65531
65514
43
35
13
65497
65491
52
65522
65496
65471
11
42
26
65531
65510
65519
65514
31
49
65529
65531
65491
65514
65528
65486
65504
65443
65507
65510
65512
38
65497
65478
65498
65498
26
5
2
65531
65527
65498
65479
31
24
10
65518
65458
24
33
65505
65484
65510
21
65461
65453
65501
20
15
12
65493
65493
65470
35
8
65518
65496
65516
6
2
65500
29
61
65519
65503
65530
56
62
65478
65534
65486
65513
65490
65485
65457
65508
65505
11
80
3
15
65497
7
65524
65511
23
65505
65522
65511
65529
65511
65534
65490
65520
65529
65467
65490
65441
4
65480
65531
65497
65493
60
28
65527
65523
65518
35
42
65486
30
65514
12
65496
65505
5
65494
8
65463
65470
5
65507
65523
65483
65523
65519
65469
6
23
25
23
65503
1
65527
4
65492
65503
1
65503
65468
65478
65523
12
65523
34
21
65518
24
14
26
3
65506
3
65513
65495
65495
65512
26
59
86
65495
65529
39
8
52
28
33
7
65489
65481
65497
65486
65510
65519
65490
65478
65520
65503
65467
65525
41
29
21
65486
65445
35
56
8
65533
65478
65532
43
39
16
65496
3
9
65529
65530
65533
10
2
10
65490
65511
65511
65519
13
21
65500
65498
27
65506
65512
65467
65529
44
65513
65506
65498
65532
95
65509
65517
65533
6
36
3
34
30
65489
65517
37
12
65514
65495
65527
2
65484
65514
65530
65512
65518
65500
65509
30
22
4
65502
65525
34
7
65482
65514
65502
65506
65498
26
31
58
65529
11
40
24
58
65530
49
19
13
65526
65524
65477
65527
11
65516
65469
65513
27
65493
65448
65516
65519
65534
65493
65441
65480
31
18
65506
65469
65507
86
24
24
0
12
28
65518
18
10
65532
65526
23
65535
65457
65484
65504
29
8
65522
65465
65523
65513
65509
65517
65482
65498
3
65502
65500
65500
30
65528
65490
65510
16
48
3
31
31
65519
12
29
19
13
65515
65507
65533
65505
65513
42
65504
39
65510
65463
65486
37
65506
65495
65476
65499
21
65492
65475
27
65528
65535
65523
35
56
65523
65525
65520
65518
2
62
35
65533
65499
29
19
65514
13
65524
65488
65493
65523
65496
32
54
65534
4
34
17
65499
12
41
43
65506
65500
65518
32
65510
65528
65518
65523
65481
65496
30
0
38
65532
65484
65479
65446
65491
63
65511
65533
65523
65520
75
65526
41
3
18
82
26
74
37
41
94
48
18
25
65514
5
2
8
65482
65486
65527
65496
65485
65454
65475
8
65456
65451
65445
19
52
65493
65473
65481
74
102
65505
11
84
93
65471
65514
7
65514
65488
2
65501
65474
65465
65509
0
65516
29
25
65526
33
22
69
52
53
10
65498
65512
65508
65486
65467
20
65534
65512
65531
32
33
20
23
14
13
65523
10
15
21
51
47
65520
65532
25
52
65512
65495
65477
65519
65517
24
65522
23
9
11
65524
56
65532
65499
5
31
11
65535
65535
65488
20
65480
65504
45
65490
65528
65453
65482
65493
1
27
65529
65486
65484
65471
25
59
18
32
30
40
8
65513
44
41
65504
65483
65523
27
65500
37
65516
65512
65528
65514
65496
65529
25
65534
65532
65490
65521
65516
65480
28
65406
65457
65500
4
65527
65520
65478
65493
65506
65513
17
65476
65532
7
54
19
11
65521
65481
65497
13
4
65501
32
23
65514
65517
6
73
74
65511
65511
49
65532
18
65490
4
65534
65433
65443
16
20
65527
65532
65508
28
38
65495
65511
65518
65523
65503
6
7
65528
65482
7
34
30
65524
10
69
26
40
85
54
15
20
65524
65529
65526
65530
65506
10
65528
65475
65527
65511
17
65532
26
65509
65500
65500
65465
80
65525
65481
65525
65503
65492
80
57
65475
65492
65480
51
43
16
65525
65467
17
75
10
43
65453
65470
65517
65486
18
5
65517
65522
65529
65488
6
65506
65486
65474
65460
65512
65460
65482
65519
65512
65503
65516
65532
65502
26
65489
30
36
65502
5
3
4
65504
65492
27
5
65518
65513
65501
65523
17
65497
65535
4
65525
27
65477
65511
65517
15
46
65531
13
20
65517
31
12
29
42
65535
65521
12
23
27
60
65494
65477
65496
65516
65535
14
65517
65530
43
21
46
14
8
37
25
68
9
2
71
56
24
65533
65489
65528
65515
30
9
65497
65504
92
78
41
30
45
56
65530
65523
65531
27
65506
26
65520
65506
65502
65517
65483
65535
65515
65532
56
65485
65493
65520
65503
34
65498
65509
65519
25
113
65506
65487
65494
65503
65521
65483
65459
65500
3
41
65514
65492
65490
65485
65529
65509
65496
65516
65522
5
65524
65529
65520
5
17
65503
20
42
9
65477
36
58
82
65488
65436
65517
34
20
54
56
65511
65520
65533
65490
65486
65489
65508
5
36
43
65527
65510
65521
65525
1
65528
65500
65482
65466
65489
20
5
27
21
40
65460
65487
65517
12
52
65479
65463
65435
65503
65518
65
25
65521
65501
65471
68
12
16
46
45
14
65481
65499
65524
17
65530
65482
65502
53
76
65435
0
41
38
65492
65479
65505
8
65514
65475
65483
65507
65516
65410
65469
0
65523
65507
65505
32
1
65526
65525
18
65533
15
65530
22
7
24
65515
6
65522
65518
65521
65474
65501
65471
65509
23
65511
11
0
65513
65513
22
65530
65511
2
11
65500
65490
65488
65516
31
6
65516
65464
65511
62
47
65531
65472
65532
30
23
6
65516
20
65524
65514
65519
65504
65514
4
9
65494
65473
65441
65490
36
26
65510
65496
65433
21
30
12
53
27
24
65521
65492
65512
60
8
65502
65506
16
50
5
65507
65513
65535
65525
7
65519
65508
19
0
35
65516
13
65517
9
65534
65488
65479
65513
65535
65485
65503
65512
1
2
13
67
8
65519
65521
49
3
65502
65485
65508
65495
65523
65473
65494
15
65461
65531
65524
65494
65519
19
65524
65508
1
22
11
48
65485
65498
65530
65482
23
14
65508
45
65517
12
65481
65511
47
65535
1
65488
23
65513
65524
65495
65526
65524
65523
17
6
65503
65486
65467
24
58
24
65526
65475
65500
10
55
18
78
17
5
65534
65535
38
65513
65532
65535
10
34
65487
10
19
65526
52
65522
65502
65492
21
9
34
14
65498
65523
6
65524
65531
65493
1
65517
65493
65513
65493
65508
65526
43
54
15
65527
65510
27
12
65524
65487
65506
65487
65503
65495
65466
65507
65489
65515
65529
65508
65510
14
65496
65520
25
8
0
67
14
65476
1
65491
50
17
0
16
65504
65499
65498
65489
37
65519
65521
65532
57
31
65520
65516
1
65519
65459
65500
65479
65495
65466
65463
65481
65517
65486
65466
65469
65488
58
5
0
3
24
22
65489
65452
65492
64
28
65505
65468
65522
87
65533
65501
65530
65495
34
65493
9
93
65535
65513
65493
106
22
65535
65535
65527
65533
65495
65527
3
8
29
65517
65527
65529
35
65535
65505
1
13
65527
65520
65511
65516
65510
65530
8
65516
16
65488
65491
1
65500
65522
6
65522
3
65504
65526
55
25
21
65520
65509
0
74
24
65524
5
20
96
13
65493
21
17
65527
65483
65483
65483
65531
13
1
65523
60
65520
14
69
88
52
65430
65473
65509
65525
7
22
65479
65477
2
65531
65492
65491
65471
65487
65481
8
65457
65498
65494
65530
65495
65448
4
65
107
65491
65494
38
13
11
65452
65531
22
3
65525
65512
65476
65491
65505
30
0
65493
65499
65513
65512
65513
65517
65515
65530
65529
5
49
52
0
65506
60
57
22
65471
65516
29
39
60
48
35
65506
65504
65481
65494
65477
65487
65511
65525
65523
65529
65511
65513
65485
65519
65506
21
10
65474
65496
65527
86
13
65510
65521
65495
65534
65482
22
65511
65501
65523
65495
21
15
65522
65533
65504
39
65527
65531
65494
65451
65479
5
65478
7
24
65534
65530
65508
12
22
65514
65510
65475
4
78
8
65493
28
37
41
65510
58
20
9
65534
63
11
34
65475
36
59
65491
65520
65492
65524
65504
65516
65519
65505
65521
19
65515
65495
25
7
65529
29
5
60
35
65492
66
38
65468
65529
9
65499
10
65455
36
56
65530
65485
65503
44
44
65529
65521
39
45
65522
65486
65507
26
16
6
65524
65519
18
32
32
65523
0
25
67
11
65513
68
3
16
75
65482
65515
65497
4
7
65462
65496
65506
65494
65524
65513
65448
65506
12
65504
65503
66
37
4
65490
65505
55
33
65473
65516
27
88
39
65490
20
65526
81
65476
65511
65531
33
2
65497
65535
65509
8
65503
4
65510
10
22
65471
5
65535
65531
65526
23
65505
65519
65517
2
32
65528
65465
23
24
13
65495
77
24
65523
65483
65519
96
18
65513
65513
28
80
65526
65492
65513
21
45
65531
65469
65526
36
65520
65476
65493
65519
65515
65499
16
65520
27
8
65526
65525
65499
12
65487
65511
65529
65534
65489
8
14
14
23
65517
10
5
6
22
19
65522
65526
5
19
65527
65486
65466
15
1
65511
65486
65516
14
65527
65470
37
17
65527
65481
65485
45
65533
65492
4
65527
52
73
11
65493
6
65527
20
8
65506
65503
9
16
32
65509
65475
2
15
50
4
65523
2
6
65497
65478
65491
65515
3
8
65490
4
13
65508
65489
65523
31
65473
65491
65470
65503
28
65486
65489
65505
65505
65487
65458
65513
65521
2
65505
19
50
34
65515
65512
65531
17
4
65485
65436
14
38
65532
65524
65488
65526
65511
65474
65508
65504
65486
65482
65513
65507
65485
19
38
58
24
6
7
12
3
65507
33
8
21
65491
65471
26
65507
65478
65470
51
76
65501
65492
65489
15
21
65514
65515
6
65485
65456
65469
65483
65504
65530
65496
65498
65510
26
10
42
65522
65526
28
15
101
9
7
34
105
120
65452
12
16
13
65502
65515
31
26
65475
65511
65528
78
20
65475
65490
65531
65
0
65464
65515
75
4
65509
65475
65532
65507
65521
25
65535
24
65465
65465
27
43
65496
65510
65522
65493
28
65503
65478
65511
65510
65510
65513
65511
65504
65518
65527
65484
65505
30
63
87
65533
65483
65508
65532
65514
65480
0
65511
65463
65471
65460
65485
65473
65470
65509
65497
65502
65447
65446
65529
65524
65534
7
6
65529
65503
2
24
16
65514
7
65508
21
3
10
63
0
65514
65522
65520
23
2
11
65495
65533
65523
65447
65429
65527
65528
65495
65464
65498
16
2
65482
65522
8
13
65513
65516
65499
11
10
65503
65531
65513
8
65507
4
65489
65500
65478
65515
6
41
65496
65475
65488
21
2
65487
65527
65500
65524
9
65464
65494
65489
65477
65525
65483
65520
65529
65513
65531
34
17
30
47
52
65496
65501
65524
16
13
65490
65520
65477
65508
65467
65515
65490
65466
65492
65521
65471
65448
65451
65502
65497
44
13
65510
65533
13
65496
14
25
65502
7
5
19
32
65526
32
5
65512
11
10
65509
65532
7
0
65501
65441
65477
65455
65455
65511
3
65514
65472
65529
65496
3
4
11
65532
7
36
65491
65534
65507
29
65519
65471
65519
65507
65510
65499
65481
65492
65523
41
65509
65489
65515
6
81
65531
65527
65532
18
104
49
65497
65515
49
65
1
65520
65530
7
65508
65516
65524
65490
65531
24
5
65482
6
65527
65500
65518
65491
33
24
65535
65500
65511
38
20
65520
65528
65485
16
65497
36
9
36
65518
49
54
65534
22
9
4
4
11
65521
65533
65510
65502
65522
13
65501
65505
65503
65504
28
23
65521
65517
65509
65505
65478
65474
65514
65502
2
65457
65533
8
65530
25
65484
11
37
24
65488
38
43
34
3
65495
93
52
24
65535
2
65528
52
26
16
65509
20
0
49
15
65482
65508
39
65526
65522
65522
43
44
65518
65496
25
65514
10
65505
65491
65463
20
8
5
65504
65517
43
45
39
65490
19
36
65533
65481
65523
48
0
65474
65499
65527
27
65455
65497
1
38
54
54
18
65471
65495
4
11
28
65494
65472
0
65513
65518
65510
65482
15
4
0
65502
65481
7
65526
65482
65505
7
65498
2
17
15
18
65457
65472
4
34
50
65425
18
65519
65500
65512
65510
65534
0
65483
65512
65483
13
65500
3
65507