65534
65475
65406
65519
36
65384
65414
65523
197
67
65410
14
261
142
65423
65495
143
152
65461
65379
10
58
65480
65414
65461
65526
56
128
108
12
65510
65465
65535
135
103
65497
65452
65495
92
95
65391
65437
65492
58
85
65439
65477
65519
65532
73
65530
27
65
93
177
86
107
99
84
62
65416
65517
65499
65492
65473
65287
65353
65398
65378
65421
65485
65451
65447
65499
65520
65460
65451
65452
65516
65479
65414
65482
65521
42
41
65436
65530
32
11
58
24
95
56
65533
46
84
90
7
54
87
65481
65505
65535
65478
65495
23
52
65496
65478
65392
65521
105
65532
65414
65392
65506
36
71
11
65533
2
63
160
175
60
65493
65451
65487
14
36
47
65396
65348
65385
65438
138
89
65471
65447
65482
56
169
93
33
65508
15
78
61
120
57
25
143
65481
65419
65482
93
125
65432
65426
65473
106
77
65419
65458
65513
71
29
65492
65446
65497
89
48
18
34
65524
65530
65502
23
59
87
42
96
50
81
145
65506
50
34
12
34
7
65500
65505
65485
65407
65527
65487
65427
65463
65487