65525
65515
7
31
65518
22
65477
4
65534
16
65535
65530
65523
9
65503
65519
2
65528
13
65512
4
3
65519
65520
65535
10
5
9
65522
30
24
65507
65521
3
65510
65507
10
25
65489
24
65526
65525
0
12
21
28
65533
7
65524
65522
31
3
11
17
65533
0
65533
65521
65530
24
65517
65528
18
12
65515
36
65526
2
7
35
65512
6
65520
65507
4
65516
3
65514
65498
65532
21
13
42
12
6
19
65518
20
65535
1
65493
17
65513
65521
32
65527
65525
65533
65530
65516
10
65517
65523
65523
65512
65516
65508
65517
65523
17
65488
25
34
65511
18
65509
65507
65521
65532
9
65535
65501
11
65525
28
22
17
65494
7
65518
65532
65526
41
65516
65494
23
65513
65509
65535
4
65523
65518
34
65495
2
5
11
65523
65529
65533
65525
65529
65520
65507
65513
65529
1
65524
65530
65497
65511
65526
2
65518
28
65520
13
26
0
65523
17
65521
65535
18
65511
65521
65523
27
2
17
65521
4
10
65490
65517
19
0
65518
65524
28
65494
17
65530
65504
65490
15
8
65489
17
65509
65501
65518
4
7
65504
65502
3
65526
65526
65513
52
0
65511
18
14
65503
65488
65510
65510
65532
65528
14
2
8
65506
17
23
65506
65530
5
65520
65519
65501
4
65499
39
65529
65530
3
25
65495
65487
15
65513
65507
65526
65535
65524
20
12
65526
27
65508
65506
65520
65492
65524
65520
9
65534
8
65521
65525
8
10
65519
65518
65496
65522
65502
65525
65500
6
65513
14
65517
65511
29
65503
65535
65529
65525
16
65511
65520
4
65518
9
65515
2
65518
26
30
65524
12
65524
65511
31
65500
30
5
6
65521
65492
11
65527
65518
65490
65520
65512
16
65493
4
65502
0
65523
65524
65534
10
65524
21
65494
65531
23
65533
6
65533
65514
65521
65513
11
20
65518
2
65526
65519
65526
3
8
65503
65483
65508
65528
65528
8
65494
8
16
65509
21
65502
65494
14
33
65512
18
65525
65522
65521
65491
65505
65494
65526
65508
7
65497
65522
65518
15
15
4
65503
65522
29
65506
4
15
65534
9
10
23
7
65525
33
1
65521
65533
4
65523
24
65521
65524
65507
65520
1
4
1
1
65519
65524
65509
17
65520
65515
19
37
65513
31
5
65505
65519
65526
65532
23
65528
65485
65529
0
7
65520
65520
31
65532
21
65514
65527
18
65535
9
1
24
65513
65527
16
31
65501
18
65515
65529
28
32
7
65526
65516
20
0
5
21
65534
65531
65524
65530
65512
65519
65530
65533
65489
65521
65497
65533
65528
65534
65503
65516
9
65507
8
65513
4
65529
65522
65493
65523
65506
11
65526
25
65533
7
65527
65485
65526
65518
65524
19
1
4
65527
65498
5
12
3
65493
4
65505
65532
25
65495
5
65499
65535
65526
65524
30
33
29
65533
65506
65528
65521
6
14
65531
0
20
65530
30
14
65504
65519
65512
65517
24
65517
1
65495
65506
65532
65521
6
65512
11
65523
3
65530
65509
65527
19
65502
65510
65533
65528
65511
2
65512
0
7
6
3
14
65533
7
65533
26
65513
1
65505
5
65532
6
16
65534
65494
65516
65521
65526
25
65518
22
65499
1
65534
36
65535
10
65514
65519
28
28
65520
65496
12
18
65492
13
9
65502
9
34
65487
65522
26
65505
65516
65519
65515
65499
65529
65496
3
16
7
8
0
8
1
65521
4
0
10
65532
65530
65531
65517
31
12
24
5
65504
11
2
65515
21
65510
65511
65519
16
65468
65496
65495
65491
29
6
31
65504
14
2
65529
32
65515
9
65529
65514
6
14
23
65523
12
14
3
65505
65525
14
65530
11
11
65528
65519
65522
65515
5
65527
34
65527
20
65528
65512
65490
65509
65531
65509
65496
30
13
65513
65510
65528
65479
65529
65508
65524
8
22
65529
65481
9
21
8
65526
6
65531
65508
65525
65495
65535
65499
21
11
65510
65531
65520
3
1
27
19
2
12
65507
12
65526
1
29
65516
6
4
11
65520
65524
65531
15
25
65518
9
18
65527
24
65500
3
65514
65518
65518
65511
65533
4
65492
65491
11
65501
20
65519
65504
21
65529
65515
65494
11
65515
65513
9
65496
65533
24
8
32
19
65508
3
65526
65511
65501
65509
65516
65533
65535
65523
0
65521
65489
65535
2
3
10
6
10
5
23
13
65531
65519
65495
4
65513
65492
65520
2
65518
65509
23
15
3
0
65532
19
19
8
8
3
10
65529
65534